김갑자       67    34    44    34   179   44.75
이을축       45    89    55    55   244   61.00
박병인       76    56    66    67   265   66.25
최정묘       72    82    77    85   316   79.00
강무진       76    93    88   102   359   89.75
손기사       81   104    99   118   402  100.50
김경오       85   115   110   135   445  111.25
이신미       90   126   121   151   488  122.00
박임신       94   137   132   168   531  132.75
최계유       99   148   143   184   574  143.50
강갑술      103   159   154   201   617  154.25
손을해      108   170   165   217   660  165.00
